24824
24922
25075
25295
25283
25385
25369
25574
25803
25792
26115
26017
26071
26214
26210
26252
26392
26616
26439
26076
26149
26186
25520
24345
24912
24893
23860
24190
24601
24640
24893
25200
25219
24964
24797
24962
25309
25709
25410
25029
24608
24538
24874
24884
24801
24895
25335
25178
25007
24758
24873
24946
24610
24727
24682
23957
23533
24202
23857
23848
24103
23644
24033
24264
24505
23932
23979
24408
24189
24483
24360
24573
24786
24748
24664
24462
24448
24024
24083
24322
24311
24163
24099
23924
23930
24262
24357
24360
24542
24739
24831
24899
24706
24768
24713
24715
25013
24834
24886
24811
24753
24361
24667
24415
24635
24813
24799
25146
25241
25316
25322
25320
25201
25175
25090
24987
24700
24657
24461
24580
24252
24283
24117
24216
24271
24307
24174
24356
24456
24776
24919
24700
24924
25019
25064
25119
25199
25064
25058
25044
25241
25414
25527
25451
25306
25415
25333
25326
25462
25502
25628
25583
25509
25313
25187
25299
25162
25558
25669
25758
25822
25733
25656
25790
26049
26064
26124
25986
25964
25952
25974
25995
25916
25857
25971
25998
26145
26154
26062
26246
26405
26656
26743
26562
26492
26385
26439
26458
26651
26773
26828
26627
26447
26486
26430
25598
25052
25339
25250
25798
25706
25379
25444
25317
25191
24583
24984
24688
24442
24874
25115
25380
25270
25461
25635
26180
26191
25989
25387
25286
25080
25289
25413
25017
24465
24464
24285
24640
24748
25366
25338
25538
25826
25027
24947
24388
24423
24370
24527
24597
24100
23592
23675
23323
22859
22445
21792
22878
23138
23062
23327